1111111111111111111111111
2222222222222222222222222
3333333333333333333333333
4444444444444444444444444
5555555555555555555555555
6666666666666666666666666
7777777777777777777777777
8888888888888888888888888
9999999999999999999999999
11111111111111111111111110
222222222222222222222222211
333333333333333333333333312
444444444444444444444444413
555555555555555555555555514
666666666666666666666666615
777777777777777777777777716
888888888888888888888888817
999999999999999999999999918
11111111111111111111111119
22222222222222222222222220
333333333333333333333333321
444444444444444444444444422
555555555555555555555555523
666666666666666666666666624
777777777777777777777777725
888888888888888888888888826
999999999999999999999999927
111111111111111111111111128
22222222222222222222222229
33333333333333333333333330
444444444444444444444444431
555555555555555555555555532
666666666666666666666666633
777777777777777777777777734
888888888888888888888888835
999999999999999999999999936
111111111111111111111111137
222222222222222222222222238
33333333333333333333333339
44444444444444444444444440
555555555555555555555555541
666666666666666666666666642
777777777777777777777777743
888888888888888888888888844
999999999999999999999999945
111111111111111111111111146
222222222222222222222222247
333333333333333333333333348
44444444444444444444444449
55555555555555555555555550
666666666666666666666666651
777777777777777777777777752
888888888888888888888888853
999999999999999999999999954
111111111111111111111111155
222222222222222222222222256
333333333333333333333333357
444444444444444444444444458
55555555555555555555555559
66666666666666666666666660
777777777777777777777777761
888888888888888888888888862
999999999999999999999999963
111111111111111111111111164
222222222222222222222222265
333333333333333333333333366
444444444444444444444444467
555555555555555555555555568
66666666666666666666666669
77777777777777777777777770
888888888888888888888888871
999999999999999999999999972
111111111111111111111111173
222222222222222222222222274
333333333333333333333333375
444444444444444444444444476
555555555555555555555555577
666666666666666666666666678
77777777777777777777777779
88888888888888888888888880
999999999999999999999999981
111111111111111111111111182
222222222222222222222222283
333333333333333333333333384
444444444444444444444444485
555555555555555555555555586
666666666666666666666666687
777777777777777777777777788
88888888888888888888888889
99999999999999999999999990
111111111111111111111111191
222222222222222222222222292
333333333333333333333333393
444444444444444444444444494
555555555555555555555555595
666666666666666666666666696
777777777777777777777777797
888888888888888888888888898
99999999999999999999999999
111111111111111111111111100
2222222222222222222222222101
3333333333333333333333333102
4444444444444444444444444103
5555555555555555555555555104
6666666666666666666666666105
7777777777777777777777777106
8888888888888888888888888107
9999999999999999999999999108
